696
0003
0006
0009
0012
0015
0018
0020
0022
0024
0025
0026
0028
0031
0034
0036
0038
0040
0045
0047
0049
0051
0053
0055
0059
0062
0065
0068
0071
0073
0076
0078
0080
0080
0083
0085
0087
0089
0091
0094
0097
0099
0101
0103
0105
0106
0107
0110
0115
0119
0121
0122
0124
0127
0128
0128
0130
0131
0132
0133
0134
0135
0136
0139
0141
0142
0143
0144
0145
0146
0149
0150
0150
0151
0154
0157
0160
0162
0164
0166
0168
0169
0171
0178
0181
0182
0184
0185
0186
0189
0192
0195
0196
0197
0199
0201
0202
0205
0208
0210
0211
0212
0213
0214
0219
0222
0224
0225
0226
0227
0229
0230
0232
0235
0237
0241
0242
0243
0244
0245
0248
0249
0250
0251
0254
0257
0260
0262
0264
0267
0269
0272
0275
0277
0279
0282
0284
0286
0289
0291
0292
0295
0297
0301
0302
0303
0306
0308
0310
0311
0312
0313
0314
0317
0319
0321
0323
0324
0326
0327
0330
0332
0334
0335
0336
0337
0338
0340
0342
0344
0346
0348
0350
0351
0352
0354
0357
0358
0359
0362
0365
0367
0368
0369
0370
0373
0376
0377
0378
0379
0380
0381
0382
0383
0384
0385
0386
0386
0389
0392
0395
0398
0400
0402
0405
0407
0409
0411
0413
0413
0414
0416
0417
0419
0421
0423
0424
0426
0428
0429
0430
0432
0435
0437
0441
0442
0445
0448
0450
0452
0454
0455
0457
0460
0461
0462
0463
0464
0465
0466
0467
0468
0469
0470
0471
0472
0473
0474
0475
0476
0477
0478
0479
0479
0479
0480
0481
0482
0483
0484
0485
0486
0487
0488
0489
0490
0491
0492
0493
0494
0497
0500
0503
0505
0508
0510
0512
0514
0516
0518
0521
0523
0526
0528
0530
0531
0534
0537
0538
0539
0542
0545
0547
0549
0550
0553
0555
0555
0556
0558
0560
0561
0563
0565
0567
0569
0571
0573
0576
0579
0581
0584
0586
0587
0589
0591
0593
0594
0596
0598
0601
0604
0606
0609
0612
0614
0615
0617
0618
0620
0621
0623
0626
0628
0630
0631
0632
0635
0637
0638
0639
0640
0641
0642
0643
0644
0645
0646
0646
0647
0648
0649
0652
0655
0658
0660
0663
0666
0668
0671
0673
0675
0676
0678
0681
0683
0685
0687
0689
0691
0693
0695
0697
0699
0700
0701
0702
0703
0706
0707
0709
0711
0711
0713
0715
0716
0717
0718
0718
0719
0720
0721
0724
0727
0730
0733
0735
0738
0740
0741
0743
0745
0745
0746
0748
0750
0752
0754
0756
0758
0760
0763
0764
0765
0766
0768
0770
0771
0773
0774
0775
0776
0777
0778
0779
0780
0781
0784
0785
0786
0787
0788
0791
0792
0793
0794
0795
0796
0797
0798
0799
0800
0800
0801
0802
0804
0805
0806
0807
0809
0812
0815
0818
0820
0823
0826
0828
0830
0832
0834
0836
0839
0841
0842
0844
0845
0847
0849
0851
0853
0855
0858
0861
0862
0863
0864
0865
0866
0867
0869
0870
0871
0873
0874
0875
0876
0877
0879
0880
0881
0882
0883
0887
0888
0889
0890
0892
0893
0894
0895
0896
0897
0898
0898
0899
0900
0901
0902
0903
0904
0905
0908
0911
0914
0916
0918
0920
0923
0925
0927
0930
0931
0934
0936
0937
0939
0941
0943
0945
0947
0949
0950
0952
0954
0956
0959
0961
0962
0964
0966
0967
0968
0970
0972
0973
0975
0976
0977
0978
0979
0980
0981
0982
0983
0984
0985
0986
0987
0988
0989
0990
0991
0992
0993
0994
0995
0998
1000
1001
1002
1003
1004
1005
1006
1007
1008
1009
1010
1013
1014
1015
1016
1017
1018
1019
1020
1021
1022
1023
1024
1024
